País,CO2, Metano , gInvernadero ,EsperanzaV,Europeo,Riqueza, Analfabetización,Tugurios ,MadresAdl ,TrabajoNiñas
Afganistán  ,7440,81510,98920,64,No,508.8,69.00,71.00,12.00,5.10
Albania,5560,3160,10080,78,Si,5215.3,2.00,45.00,4.00,4.60
Alemania,709540,53370,806090,81,Si,45723.6,0.00,0.00,6.00,10.70
Andorra,460,50,590,,Si,40897.3,21.00,56.00,35.00,8.40
Angola,27340,35520,79730,61,No,1895.8,36.00,49.00,16.00,30.10
Antigua y Barbuda,530,200,1210,77,No,14450,1.00,49.00,11.00,6.90
Arabia Saudita,514600,44170,638120,75,No,20110.3,2.00,16.00,5.00,5.90
Argelia,151670,49550,218910,77,No,3310.4,19.00,78.00,15.00,6.50
Argentina,177410,117850,365650,77,No,8441.9,1.00,15.00,10.00,3.50
Armenia,5550,2430,9360,75,Si,4267.5,0.00,9.00,4.00,7.50
Aruba,3324.00,15,617,76,No,30253.3,2.00,63.00,9.00,11.20
Australia ,386620,139070,615380,83,No,51812.2,0.00,24.00,7.00,25.60
Austria,63180,6660,74980,82,Si,48105.4,0.00,6.00,5.00,17.40
Azerbaiyán,320200,43600,80260,73,No,4214.3,0.00,14.00,6.00,4.50
Bahamas,2260,230,2640,74,No,28607.9,12.00,18.00,11.00,13.40
Bahrein ,30750,14850,48950,77,No,23443.4,9.00,32.00,16.00,11.40
Bangladesh ,82760,83790,198970,72,No,1968.8,25.00,47.00,28.00,4.20
Barbados,1250,2350,3790,79,No,15191.2,0.00,59.00,7.00,3.60
Belarús,59310,16730,88140,74,Si,6411.2,0.00,33.00,9.00,2.60
Bélgica,93470,8200,108750,82,Si,44594.4,2.00,15.00,4.00,19.30
Belice,680,530,1560,74,No,4435.6,23.00,5.00,13.00,27.10
Benin ,791000,5530,17380,61,No,1291,58.00,59.00,20.00,23.70
Bermudas,781,24,932,82,No,117098.4,4.00,26.00,16.00,6.70
Bhután,1380,860,2470,71,No,3122.4,33.00,39.00,17.00,4.30
Bolivia,22710,25050,56870,71,No,3143,8.00,49.00,18.00,12.60
Bosnia y Herzegovina,22540,3380,27190,77,Si,6031.6,3.00,8.00,10.00,9.50
Botswana,8210,4560,16120,69,No,6711,13.00,55.00,28.00,9.70
Brasil,427710,416280,1032640,76,No,6796.8,7.00,16.00,18.00,1.50
Brunei Darussalam,7140,8830,16620,76,No,27466.3,3.00,36.00,22.00,4.60
Bulgaria,41130,6910,53330,75,Si,9975.8,2.00,19.00,14.00,9.60
Burkina Faso,4270,15600,30850,61,No,830.9,61.00,57.00,25.00,44.80
Burundi,590,2140,5520,61,No,274,22.00,48.00,8.00,32.40
Cabo Verde,620,120,830,73,No,3064.3,13.00,45.00,18.00,28.10
Camboya,11160,20310,37460,70,No,1512.7,19.00,45.00,12.00,12.10
Camerún,8620,14960,89050,59,No,1499.4,23.00,34.00,24.00,60.40
Canadá,574400,93980,724930,82,No,43241.6,0.00,0.00,4.00,45.30
Chad,1070,53990,80680,54,No,614.5,18.00,87.00,36.00,55.10
Chile,86620,13480,109590,80,No,13231.7,4.00,9.00,10.00,2.80
China,10313460,1238630,12355240,77,No,10500.4,3.00,25.00,9.00,13.50
Chipre,7230,740,860,81,No,26623.8,1.00,20.00,22.00,5.00
Colombia,79490,76700,184100,77,No,5332.8,4.00,28.00,17.00,4.10
Comoras,260,270,590,64,No,1402.6,41.00,68.00,11.00,8.70
Congo. República Democrática del,2200,38620,58700,60,No,556.8,23.00,78.00,27.00,43.60
Congo. República del,3220,3540,9370,64,No,1972.5,20.00,48.00,33.00,31.60
Corea. República Popular Democrática de,18120,18710,41910,72,No,500,0.00,38.00,2.00,18.60
Corea. República de,630870,25530,718880,83,No,31489.1,2.00,41.00,8.00,12.50
Costa Rica,8260,4820,15810,80,No,12076.8,2.00,4.00,13.00,0.60
Côte d'Ivoire,9910,6560,22900,57,No,2325.7,10.00,60.00,30.00,36.40
Croacia,16580,3820,225500,78,Si,13828.5,1.00,22.00,4.00,8.60
Cuba,24970,12690,41860,79,No,9099.7,0.00,7.00,15.00,4.50
Curacao,5439,2484,1477,78,No,19701.3,5.00,25.00,32.00,3.20
Dinamarca,33380,7140,45870,81,Si,60908.8,0.00,0.00,7.00,6.60
Djibouti,490,690,1480,67,No,3425.5,9.00,65.00,12.00,7.50
Dominica,180,50,240,,No,6526.8,2.00,36.00,11.00,5.20
Ecuador,39530,20350,65680,77,No,5600.4,6.00,20.00,19.00,5.20
Egipto. República Árabe de,246260,56870,329220,72,No,3547.9,29.00,5.00,11.00,0.90
El Salvador,681,3990,12350,73,No,3798.6,11.00,22.00,23.00,4.60
Emiratos Árabes Unidos,200300,52960,263240,78,No,43103.3,2.00,7.00,6.00,3.70
Eritrea,800,3730,7480,66,No,642.5,23.00,37.00,14.00,8.30
Eslovenia,14050,1980,17170,81,Si,25179.7,0.00,4.00,16.00,4.20
España,258340,39940,326940,83,Si,27057.2,1.00,6.00,7.00,7.10
Estados Unidos,4981300,62259,6023620,79,No,63543.6,0.00,38.00,5.00,3.60
Estonia,16000,1050,18610,78,Si,23312.3,0.00,18.00,14.00,4.80
Eswatini,1090,1500,3120,59,No,3415.5,12.00,32.00,23.00,12.10
Etiopía,16280,103110,172230,66,No,936.3,48.00,64.00,13.00,19.50
Federación de Rusia,1607550,849570,2543400,73,Si,10126.7,0.00,41.00,7.00,7.30
Fiji,1900,670,2820,67,No,4881.5,13.00,11.00,26.00,11.80
Filipinas,142240,67660,232340,71,No,3298.8,4.00,43.00,9.00,7.20
Finlandia,44360,4240,54490,82,Si,49041.3,0.00,35.00,8.00,19.30
Francia,309960,58340,423350,83,Si,38625.1,0.00,7.00,6.00,12.00
Gabón,4610,1120,7460,66,No,7005.9,15.00,37.00,28.00,22.60
Gambia,570,1700,2790,62,No,787,49.00,27.00,18.00,21.20
Georgia,9460,5210,16900,74,Si,4278.9,0.00,34.00,10.00,29.90
Ghana,16110,21350,44500,64,No,2328.5,21.00,30.00,16.00,28.70
Gibraltar,87434,5,147,,Si,61700,14.00,39.00,19.00,4.20
Granada,300,2030,2360,72,No,9680.2,1.00,6.00,21.00,3.80
Grecia,65290,9670,84750,82,Si,17676.2,2.00,3.00,18.00,5.20
Groenlandia,4386,23,379,71,No,54471,12.00,31.00,16.00,9.20
Guam,89239,46,60,80,No,37723.8,1.00,41.00,12.00,6.30
Guatemala,18210,11750,35400,74,No,4603.3,19.00,31.00,21.00,4.20
Guinea,3120,17830,28890,61,No,1194,60.00,50.00,26.00,35.90
Guinea Ecuatorial,6670,12230,19270,58,No,7143.2,6.00,65.00,33.00,22.60
Guinea-Bissau,310,1500,2800,58,No,727.5,54.00,74.00,29.00,62.50
Guyana,2440,1540,5040,70,No,6955.9,14.00,31.00,18.00,9.20
Haití,3330,4730,9930,64,No,1176.8,38.00,66.00,10.00,35.20
Honduras,9770,8150,22400,75,No,2405.7,11.00,39.00,24.00,5.80
Hong Kong. Región Administrativa Especial,3428,1466,36449,85,No,46323.9,0.00,25.00,5.00,3.90
Hungría,46390,7120,60920,76,No,15899.1,1.00,14.00,7.00,4.80
India,2434520,666510,3374990,69,Si,1900.7,26.00,35.00,8.00,1.60
Indonesia,583110,287500,969580,72,No,3869.6,4.00,31.00,7.00,3.20
Irán. República Islámica del,629290,149690,828280,76,No,2282.6,14.00,25.00,27.00,9.30
Iraq,188140,16750,215690,70,No,4157.5,14.00,46.00,32.00,4.30
Irlanda,37110,16820,65090,82,Si,85267.8,1.00,7.00,11.00,11.50
Isla de Man,24799,23694,13578,,Si,89112.7,4.00,26.00,19.00,2.40
Isla de San Martín (parte francesa),24813,2795,2483,80,No,15400,21.00,22.00,17.00,4.20
Islandia,2200,530,3440,83,Si,59270.2,3.00,9.00,14.00,5.10
Islas Caimán,542,17,300,82,No,91392.6,1.00,23.00,25.00,7.20
Islas Feroe,623,33,573,82,Si,64225.3,26.00,22.00,13.00,8.30
Islas Marshall,190,30,240,,No,4073.1,2.00,19.00,11.00,9.70
Islas Salomón,370,410,940,73,No,2258.4,23.00,23.00,13.00,5.20
Islas Turcas y Caicos,246,2,2,,No,23879.9,12.00,25.00,16.00,4.60
Islas Vírgenes (EE.UU.),7532,33,45,80,No,37233.3,4.00,17.00,9.00,3.80
Islas Vírgenes Británicas,345,15,75,,No,34000,3.00,35.00,5.00,5.20
Islas del Canal,342,527,253,83,Si,74458.8,5.00,29.00,19.00,3.10
Israel,61970,12070,87830,83,No,43610.5,8.00,56.00,28.00,2.10
Italia,324850,43670,399600,83,Si,31676.2,1.00,8.00,7.00,7.10
Jamaica,8510,780,10020,74,No,4664.5,12.00,57.00,14.00,6.00
Japón,1106150,21110,1186770,84,No,39538.9,0.00,38.00,6.00,8.40
Jordania,24700,6300,35810,74,No,4282.8,2.00,23.00,5.00,0.40
Kazajstán,220450,41360,274220,73,No,9055.7,0.00,31.00,7.00,2.80
Kenya,18400,40250,78830,66,No,1838.2,18.00,47.00,19.00,33.90
Kirguistán,11000,4990,18120,71,No,1173.6,0.00,10.00,6.00,33.70
Kiribati,80,20,110,68,No,1670.8,21.00,37.00,8.00,22.40
Kosovo,736,983,246,72,Si,4287.2,13.00,29.00,9.00,12.80
Kuwait,89460,6080,112970,75,No,32373.3,4.00,41.00,10.00,8.30
Lesotho,2570,2320,5850,54,No,861,23.00,54.00,19.00,1.30
Letonia,7630,1940,11660,75,Si,17620,0.00,43.00,21.00,4.60
Líbano,27710,3250,34350,79,No,4891,5.00,61.00,36.00,8.30
Liberia,1320,6210,9200,64,No,583.3,52.00,70.00,34.00,15.00
Libia,58940,37790,103040,73,No,3699.2,14.00,81.00,33.00,3.50
Liechtenstein,140,20,180,83,Si,180366.7,11.00,32.00,26.00,8.10
Lituania,11590,3150,18840,76,Si,19997.6,0.00,22.00,16.00,7.30
Luxemburgo,9320,540,10220,82,Si,115873.6,0.00,7.00,8.00,3.10
Macedonia del Norte,7370,2520,10510,76,Si,5888,98.00,8.00,18.00,19.20
Madagascar,3370,17470,30570,67,No,495.5,77.00,61.00,39.00,24.20
Malasia,239620,46580,306670,76,No,10401.8,95.00,36.00,11.00,9.10
Malawi,1570,11020,18320,64,No,625.3,38.00,65.00,32.00,47.00
Maldivas,1910,130,2380,79,No,7455.9,2.00,30.00,2.00,11.60
Malí,5620,23290,43740,59,No,858.9,69.00,47.00,36.00,27.00
Malta,1550,220,2040,82,Si,27884.6,5.00,35.00,12.00,18.80
Mariana,19,4,5,,No,20659.6,21.00,38.00,19.00,4.20
Marruecos,66680,17670,94290,76,No,3009.2,26.00,9.00,7.00,3.00
Mauricio,4130,1930,6740,74,No,8622.7,9.00,29.00,21.00,6.10
Mauritania,4000,6830,14080,65,No,1672.9,47.00,73.00,16.00,12.80
México,472140,144610,679880,75,No,8346.7,5.00,16.00,18.00,3.80
Micronesia (Estados Federados de),180,60,270,68,No,3585.4,33.00,29.00,16.00,3.60
Mónaco,426,747,473,,Si,190512.7,11.00,35.00,9.00,5.70
Mongolia,21320,17860,52620,70,No,4007.3,1.00,38.00,14.00,12.20
Montenegro,2520,820,3800,77,Si,7686.1,1.00,27.00,11.00,3.90
Mozambique,6640,16850,35040,60,No,448.6,39.00,77.00,46.00,27.70
Myanmar,32520,65790,119650,67,No,1400.2,11.00,56.00,6.00,14.10
Namibia,4250,4510,11930,63,No,4211.1,8.00,42.00,19.00,14.70
Nauru,70,0,80,,No,10983.2,19.00,38.00,16.00,12.80
Nepal,12030,30800,51240,70,No,1155.1,32.00,49.00,17.00,44.10
Nicaragua,5210,9830,19070,74,No,1905.3,17.00,42.00,25.00,39.00
Níger,2290,29860,45050,62,No,565.1,65.00,59.00,40.00,46.70
Nigeria,130670,127900,311450,54,No,2097.1,38.00,54.00,19.00,36.00
Noruega,37350,4850,47340,83,Si,67389.9,0.00,0.00,16.00,9.10
Nueva Caledonia,532,202,13240,77,No,12579.6,2.00,19.00,11.00,6.90
Nueva Zelandia,32210,32530,81330,82,No,41477.9,0.00,8.00,9.00,8.30
Omán,73370,5460,82300,78,No,15343,4.00,27.00,6.00,2.40
Países Bajos,151170,17260,178640,82,Si,52397.1,0.00,7.00,4.00,6.10
Pakistán,208370,151020,431220,67,No,1193.7,42.00,40.00,8.00,13.50
Palau,290,20,320,,No,14907.8,3.00,24.00,17.00,5.40
Panamá,10140,5390,18010,78,No,12269,4.00,22.00,19.00,4.10
Papua Nueva Guinea,746,11310,22970,64,No,2636.8,38.00,20.00,12.00,9.10
Paraguay,8420,29070,49170,74,No,4949.7,5.00,17.00,12.00,4.70
Perú,54280,31410,96280,77,No,6126.9,6.00,33.00,13.00,22.00
Polinesia Francesa,486,70,1021,77,No,14324.1,4.00,11.00,8.00,21.60
Polonia,312740,47540,389650,78,Si,15656.2,1.00,0.00,9.00,16.40
Portugal,49780,11320,66820,81,Si,22437.1,4.00,4.00,9.00,2.60
Puerto Rico,342,1768,2858,80,No,32290.9,8.00,28.00,21.00,14.80
Qatar,90170,8110,99830,80,No,50805.5,7.00,18.00,8.00,12.30
Región Administrativa Especial de Macao. China,247,80,820,84,No,86117.7,3.00,15.00,5.00,9.20
Reino Unido,358800,51210,452080,81,Si,40284.6,0.00,9.00,6.00,5.70
República Árabe Siria,27910,12770,46320,72,No,2032.6,19.00,38.00,33.00,4.30
República Centroafricana,330,23200,55680,53,No,476.9,63.00,95.00,36.00,37.90
República Checa,102480,12430,122840,79,Si,22932.2,1.00,9.00,18.00,18.20
República Democrática Popular Lao,18790,7610,29270,68,No,2630.2,15.00,21.00,17.00,9.70
República Dominicana,25120,9200,39060,74,No,7268.2,6.00,15.00,21.00,10.30
República Eslovaca,33000,4360,39930,77,Si,19156.9,3.00,24.00,5.00,4.90
República de Moldova,8590,3310,13180,72,Si,4551.1,1.00,59.00,6.00,23.00
Ribera Occidental y Gaza,943,726,653,74,No,3239.7,2.00,37.00,16.00,7.30
Rumania,74880,23780,109010,75,Si,12896.1,1.00,12.00,7.00,1.10
Rwanda,1080,2910,6170,69,No,797.9,27.00,42.00,6.00,5.70
Saint Kitts y Nevis,260,80,370,,No,17435.9,15.00,37.00,17.00,9.20
Samoa,320,300,690,73,No,4067.5,1.00,31.00,16.00,6.30
Samoa Americana,246,481,21,,No,11534.6,3.00,38.00,15.00,9.20
San Marino,535,732,358,85,Si,47731.2,24.00,29.00,9.00,2.10
San Vicente y las Granadinas,280,70,370,72,No,7297.9,4.00,28.00,7.00,8.30
Santa Lucía,390,270,740,76,No,9276.1,12.00,11.00,11.00,9.40
Santo Tome y Principe,347,30,190,70,No,2157.8,7.00,86.00,23.00,5.70
Senegal,9860,10750,29990,68,No,1487.8,48.00,30.00,14.00,13.10
Serbia,45540,12400,62600,76,Si,7666.2,1.00,4.00,34.00,12.90
Seychelles,620,90,780,73,No,11425.1,4.00,41.00,17.00,3.80
Sierra Leona,1020,4610,7190,54,No,484.5,57.00,59.00,21.00,57.50
Singapur,47360,4150,66640,83,No,59797.8,3.00,9.00,4.00,12.40
Sint Maarten (Dutch part),369,573,427,78,No,29160.1,0.00,27.00,17.00,5.70
Somalia,690,19430,26970,57,No,309.4,95.00,72.00,36.00,41.50
Sri Lanka,21630,10030,35240,77,No,3682,8.00,38.00,5.00,8.50
Sudáfrica,433250,45140,513440,64,No,5090.7,5.00,26.00,16.00,26.40
Sudán,20200,58850,109630,65,No,595.5,39.00,88.00,11.00,26.90
Sudán del Sur,1380,34170,58660,58,No,1119.7,65.00,91.00,14.00,45.70
Suecia,36000,4580,46350,83,Si,52259.3,0.00,0.00,7.00,2.40
Suiza,37480,4790,46020,84,Si,87097,0.00,2.00,6.00,1.80
Suriname,2080,1370,3780,72,No,6491.1,6.00,6.00,18.00,15.30
Tailandia,257860,84140,416950,77,No,7189,6.00,24.00,11.00,14.40
Tanzanía,11580,62650,105380,65,No,1076.5,22.00,40.00,26.00,34.20
Tayikistán,7330,5520,15210,71,No,859.1,0.00,26.00,7.00,9.10
Timor-Leste,640,5280,6190,69,No,1381.2,32.00,33.00,7.00,17.70
Togo,2260,3450,8420,61,No,915,33.00,54.00,19.00,33.10
Tonga,190,100,350,71,No,4903,1.00,37.00,11.00,8.30
Trinidad y Tobago,17760,1280,22900,73,No,15384,1.00,5.00,14.00,2.70
Túnez,29980,6420,41100,77,No,3319.8,21.00,8.00,3.00,2.70
Turkmenistán,71730,49580,125080,68,No,7612,0.00,25.00,4.00,15.30
Turquía,412970,47400,502520,77,No,8538.2,3.00,9.00,5.00,1.80
Tuvalu,10,10,30,,No,4143.1,21.00,28.00,16.00,10.80
Ucrania,185370,62950,274510,72,Si,3726.9,0.00,19.00,4.00,5.00
Uganda,6130,33250,54870,63,No,817,23.00,48.00,20.00,36.30
Uruguay,6520,20940,36160,78,No,15438.4,1.00,13.00,11.00,5.00
Uzbekistán,112090,105930,235510,72,No,1685.8,0.00,52.00,10.00,4.90
Vanuatu,180,510,870,70,No,2783,12.00,32.00,19.00,10.40
Venezuela,138160,72340,233920,72,No,16055.6,3.00,44.00,24.00,2.40
Viet Nam,257860,87750,376530,75,No,2785.7,4.00,14.00,3.00,10.10
Yemen. Rep. del,9310,8590,21760,66,No,824.1,46.00,66.00,11.00,15.00
Zambia,7740,17870,40670,64,No,1050.9,13.00,55.00,29.00,33.30
Zimbabwe,12270,11850,31380,61,No,1128.2,11.00,34.00,22.00,13.30
